Krishna Vemuri [10:42] 
7+7/7+7*7-7=? , out of my own morbid curiosity fascinated to see how many different answers come out of this.

So I count 11! = 39,916,800 permutations of that string. 

3,412,800 of which are legal RPN codes (leaves one item on the stack).

From those, we get 85 different results. Histogram:

1440 -11
1440 -195
1440 -27
1440 195
1440 27
2880 -182
2880 -44
2880 -46
2880 -5
2880 -54
2880 -70
2880 -96
2880 10
2880 40
2880 46
2880 5
2880 70
2880 96
4320 11
5760 -104
5760 -105
5760 -126
5760 -140
5760 -146
5760 -20
5760 -77
5760 -92
5760 105
5760 12
5760 126
5760 146
5760 28
5760 4
5760 90
5760 91
7200 -21
8640 -12
8640 -36
8640 -40
8640 -49
8640 -62
8640 -84
8640 13
8640 182
8640 34
8640 36
8640 44
8640 54
8640 84
10080 -3
11520 -2
17280 -50
17280 -90
17280 1
17280 104
17280 49
17280 92
18720 21
20160 20
23040 -4
23040 -6
23040 -8
24480 -48
24480 48
25920 -98
28800 -28
28800 140
43200 -34
43200 -56
43200 3
43200 62
50400 2
51840 6
60480 -42
60480 42
67680 -7
77760 98
92160 -1
120960 50
131040 -14
158400 8
203040 7
239040 56
639360 0
660960 14

14 is the correct answer!

